3 Spencer 10.0 9.9 10.0 10.0
14 Ashley 4.3 5.2 1.9 3.8
19 Zoe 2.1 7.4 6.6 5.4
100 Louise 5.6 7.9 7.3 6.9
110 sara 9.3 5.7 8.2 7.7
113 Javier 9.5 5.2 8.5 7.7
129 Remy 8.3 1.9 9.2 6.5
137 Nancy 6.5 4.2 7.3 6.0
138 Jonas 6.8 3.4 5.3 5.2
155 Russell 5.7 4.8 8.2 6.2
156 Troy 7.4 2.8 6.5 5.6
173 Ronnie 5.3 8.4 3.9 5.9
174 Nora 9.3 3.4 5.1 5.9
191 Nolan 5.3 7.1 5.6 6.0
192 Daniel 4.3 3.7 6.4 4.8
205 Jenny 8.0 6.7 7.1 7.3
209 Elle 4.5 7.2 3.0 4.9
213 Kate 7.1 3.3 5.1 5.2
220 Peter 8.1 1.7 4.3 4.7
236 Justin 3.7 8.3 6.4 6.1
239 Karen 4.2 6.9 7.3 6.1
254 Flora 8.2 5.3 4.1 5.9
257 Donald 9.2 3.4 6.5 6.4
272 Cliffy 8.4 2.7 5.6 5.6
275 Jay 6.5 3.9 7.8 6.1
290 Vicky 7.2 4.3 5.1 5.5
293 Porter 6.3 8.3 2.9 5.8
306 Emily 7.0 5.8 8.1 7.0
316 Tara 6.1 4.4 6.9 5.8
321 Doug 5.3 3.8 6.4 5.2
335 Jane 9.6 4.3 5.2 6.4
340 Martin 6.0 6.3 5.2 5.8
353 Holly 6.5 3.6 8.3 6.1
358 Tommy 0.8 6.3 5.2 4.1
371 Wally 5.2 4.5 6.1 5.3
376 Leonard 6.2 1.7 4.2 4.0
389 Amunet 5.3 2.7 4.9 4.3
394 charly 6.3 2.6 4.7 4.5
398 Margaux 9.3 5.3 6.1 6.9
402 Derek 5.5 9.1 6.2 6.9
411 Alex 6.9 7.1 4.1 6.0
422 Chris 8.2 4.3 6.4 6.3
434 Mike 6.3 5.2 8.0 6.5
441 Will 9.2 3.9 6.7 6.6
452 Scott 9.3 4.5 2.1 5.3
459 Carol 6.3 7.4 3.8 5.8
470 Harrin 6.7 5.7 2.8 5.1
477 Wade 6.3 5.3 2.8 4.8
488 Ralph 0.7 3.1 2.6 2.1
499 Ben 7.2 4.4 6.1 5.9
504 David 4.0 7.2 6.1 5.8
507 Jason 9.0 7.1 4.0 6.7
523 Linda 6.2 5.3 4.7 5.4
533 Joyce 7.2 5.3 1.9 4.8
542 Max 8.4 2.9 5.7 5.7
551 Connie 5.2 1.8 6.3 4.4
560 Marsha 7.8 6.3 2.9 5.7
569 Cisco 6.7 8.4 6.7 7.3
578 Mason 6.7 2.3 4.3 4.4
587 Marlize 6.3 2.8 6.8 5.3
608 Erin 3.0 5.6 6.1 4.9
624 Janine 6.1 7.3 2.8 5.4
632 Cathy 6.4 2.3 4.6 4.4
643 Steve 6.5 7.2 3.3 5.7
650 Cally 4.3 5.2 1.2 3.6
661 Kali 9.8 5.3 7.7 7.6
668 Eddie 8.5 4.8 9.3 7.5
679 Cecile 6.8 3.5 7.1 5.8
686 Tracy 5.2 3.7 6.8 5.2
695 Conrad 7.4 6.5 8.3 7.4
701 Amanda 8.3 4.7 8.5 7.2
712 Mateo 2.5 6.1 4.0 4.2
725 Gillian 8.2 1.3 5.6 5.0
731 Tom 6.8 3.1 9.4 6.4
744 Billy 8.2 3.9 6.5 6.2
749 Barbara 4.6 7.8 3.7 5.4
762 Claudia 6.8 3.5 5.9 5.4
767 Caitlin 9.2 5.6 7.8 7.5
780 Hunter 5.2 3.6 8.2 5.7
785 Cynthia 7.0 3.0 5.6 5.2
796 Declan 8.4 6.8 3.3 6.2
801 Aaron 6.9 8.5 7.0 7.5
815 Lucas 5.1 2.8 7.1 5.0
817 Francis 7.8 6.3 5.7 6.6
826 Garrett 9.2 5.1 2.8 5.7
830 Raymond 6.3 4.1 6.7 5.7
845 Bob 7.3 4.6 7.0 6.3
848 Powell 7.8 4.4 5.2 5.8
863 Murray 9.1 4.6 5.8 6.5
866 Iris 8.3 5.3 6.2 6.6
881 Patty 7.2 3.4 5.8 5.5
884 Julian 7.4 3.9 8.9 6.7
910 Garcia 9.2 8.0 7.8 8.3
918 Claire 5.3 9.2 7.6 7.4
927 Jim 8.3 3.2 6.2 5.9
928 Adam 5.4 8.2 1.5 5.0
937 Aiden 4.3 5.2 1.9 3.8
946 Sam 7.6 3.2 6.0 5.6
947 Ted 6.4 2.1 4.0 4.2
964 Erica 6.7 4.3 6.8 5.9
965 Barry 8.6 8.9 7.2 8.2
982 Francy 8.4 2.6 5.6 5.5
983 Jesse 6.2 4.2 3.6 4.7
1093 Lydia 8.3 3.5 6.1 6.0
1102 Gordon 6.3 5.6 7.2 6.4
1112 Niko 5.5 4.8 6.9 5.7
2108 Marco 6.3 4.9 6.2 5.8
3109 Patrick 6.5 4.9 6.8 6.1
4104 Tyler 0.7 3.4 3.2 2.4
5105 Frank 8.5 4.7 7.9 7.0
6107 Padma 8.4 7.3 6.9 7.5
6111 Pascal 6.7 4.8 7.8 6.4
7115 Edward 8.3 7.3 9.1 8.2
8106 Kara 5.7 8.2 3.7 5.9
8116 Malcolm 5.7 8.2 3.9 5.9
9114 Gideon 6.7 3.4 5.8 5.3
